name: swe4s
channels:
  - conda-forge
  - defaults
dependencies:
  - anaconda_prompt=1.0.0=haa95532_1
  - bzip2=1.0.8=h2466b09_7
  - ca-certificates=2024.8.30=h56e8100_0
  - libexpat=2.6.2=h63175ca_0
  - libffi=3.4.2=h8ffe710_5
  - libsqlite=3.46.0=h2466b09_0
  - libzlib=1.3.1=h2466b09_1
  - openssl=3.3.2=h2466b09_0
  - pip=24.2=pyhd8ed1ab_0
  - pycodestyle=2.12.1=pyhd8ed1ab_0
  - python=3.12.5=h889d299_0_cpython
  - setuptools=72.2.0=pyhd8ed1ab_0
  - tk=8.6.13=h5226925_1
  - tzdata=2024a=h8827d51_1
  - ucrt=10.0.22621.0=h57928b3_0
  - vc=14.3=h8a93ad2_20
  - vc14_runtime=14.40.33810=hcc2c482_20
  - vs2015_runtime=14.40.33810=h3bf8584_20
  - wheel=0.44.0=pyhd8ed1ab_0
  - xz=5.2.6=h8d14728_0
prefix: C:\Users\helen\anaconda3\envs\swe4s
